90 90 90 90 90 90 90 90 90 90 
90 90 90 90 90 90 90 90 90 90 
90 90 90 90 90 90 90 90 90 90 
90 90 90 90 90 90 90 90 90 90 
90 90 90 90 90 90 90 90 90 90 
90 90 90 90 90 90 90 90 90 90 
90 90 90 90 90 90 90 90 90 90 
90 90 90 90 90 90 90 90 90 90 
90 90 90 90 90 90 90 90 90 90 
90 90 90 90 90 90 90 90 90 90 
90 90 90 90 90 90 90 90 90 90 
90 90 90 90 90 90 90 90 90 90 
90 90 90 90 90 90 90 90 90 90 
90 90 90 90 90 90 90 90 90 90 
90 90 90 90 90 90 90 90 90 90 
90 90 90 90 90 90 90 90 90 90 
90 90 90 90 90 90 90 90 90 90 
90 90 90 90 90 90 90 90 90 90 
90 90 90 90 90 90 90 90 90 90 
90 90 90 90 90 90 90 90 90 90 
90 90 90 90 90 90 90 90 90 90 
90 90 90 90 90 90 90 90 90 90 
90 90 90 90 90 90 90 90 90 90 
90 90 90 90 90 90 90 90 90 90 
90 90 90 90 90 90 90 90 90 90 
90 90 90 90 90 90 90 90 90 90 
90 90 90 90 90 90 90 90 90 90 
90 90 90 90 90 90 90 90 90 90 
90 90 90 90 90 90 90 90 90 90 
90 90 90 90 90 90 90 90 90 90 
90 90 90 90 90 90 90 90 90 90 
90 90 90 90 90 90 90 90 90 90 
90 90 90 90 90 90 90 90 90 90 
90 90 90 90 90 90 90 90 90 90 
90 90 90 90 90 90 90 90 90 90 
90 90 90 90 90 90 90 90 90 90 
90 90 90 90 90 90 90 90 90 90 
90 90 90 90 90 90 90 90 90 90 
90 90 90 90 90 90 90 90 90 90 
90 90 90 90 90 90 90 90 90 90 
90 90 90 90 90 90 90 90 90 90 
90 90 90 90 90 90 90 90 90 90 
90 90 90 90 90 90 90 90 90 90 
90 90 90 90 90 90 90 90 90 90 
90 90 90 90 90 90 90 90 90 90 
90 90 90 90 90 90 90 90 90 90 
90 90 90 90 90 90 90 90 90 90 
90 90 90 90 90 90 90 90 90 90 
90 90 90 90 90 90 90 90 90 90 
90 90 90 90 90 90 90 90 90 90 /* 500 bytes */
8d 6c 24 28 /* 504 */
b8 1b 25 59 56 /* 509 */
68 2e 8d 04 08 /* 514 */
c3 90     /* 516 */
90 90 90 90 90 90 90 90 /* 526 */
e8 31 68 55    /* 528 */
